78737 17632 11651 19103 48640 54425 20750 57474 72767 36031
21517 84927 40721 09343 61425 79261 19215 19112 72417 91093
43613 27138 11193 63871 49724 93882 40419 12878 89273 67952 
82895 14270 41794 07149 79179 09385 02786 79052 61477 18931 
31704 11702 68249 12171 82865 64761 91528 12262 10715 13142 
53525 80665 08798 25822 63338 66418 06638 32116 49417 93282 
53115 93232 63422 12449 41204 32122 75404 78135 02726 95148 
61167 04995 10153 25112 81377 81430 49794 91742 41176 14433 
53499 18112 42499 84990 92468 28513 61132 24328 03611 63158 
28249 53631 44811 
